Run Number,Run History Configuration ID,Instance ID,Response Value (y),Censored?,Cutoff Time Used,Seed,Runtime,Run Length,Run Result Code,Run Quality,SMAC Iteration,SMAC Cumulative Runtime,Run Result,Additional Algorithm Run Data,Wall Clock Time,
1,1,1,3.87099981308,0,1.7976931348623157E308,-1,3.87099981308,0.0,1,0.0,0,3.87099981308,SAT,,6.458,
2,2,1,3.61551237106,0,6.034900902557372,-1,3.61551237106,0.0,1,0.0,1,7.48651218414,SAT,,6.102,
3,3,1,4.06525015831,0,5.702767227935791,-1,4.06525015831,0.0,1,0.0,1,11.55176234245,SAT,,6.682,
4,4,1,3.70019125938,0,5.702767227935791,-1,3.70019125938,0.0,1,0.0,2,15.251953601830001,SAT,,6.258,
5,5,1,3.98252534866,0,5.702767227935791,-1,3.98252534866,0.0,1,0.0,2,19.23447895049,SAT,,6.38,
6,6,1,3.50220656395,0,5.702767227935791,-1,3.50220656395,0.0,1,0.0,3,22.73668551444,SAT,,6.534,
7,7,1,3.72075605392,0,5.555469368743896,-1,3.72075605392,0.0,1,0.0,3,26.45744156836,SAT,,6.279,
8,8,1,3.80933666229,0,5.555469368743896,-1,3.80933666229,0.0,1,0.0,4,30.26677823065,SAT,,6.856,
9,9,1,3.73570585251,0,5.555469368743896,-1,3.73570585251,0.0,1,0.0,4,34.00248408316,SAT,,6.28,
10,10,1,3.92104625702,0,5.555469368743896,-1,3.92104625702,0.0,1,0.0,5,37.92353034018,SAT,,7.062,
11,11,1,3.8703122139,0,5.555469368743896,-1,3.8703122139,0.0,1,0.0,5,41.79384255408,SAT,,6.282,
12,12,1,3.53524422646,0,5.555469368743896,-1,3.53524422646,0.0,1,0.0,6,45.32908678054,SAT,,6.53,
13,13,1,3.67437648773,0,5.555469368743896,-1,3.67437648773,0.0,1,0.0,6,49.00346326827,SAT,,6.682,
14,14,1,4.02527618408,0,5.555469368743896,-1,4.02527618408,0.0,1,0.0,7,53.02873945235,SAT,,7.133,
15,15,1,3.83458399773,0,5.555469368743896,-1,3.83458399773,0.0,1,0.0,7,56.86332345008,SAT,,6.887,
16,16,1,3.86421203613,0,5.555469368743896,-1,3.86421203613,0.0,1,0.0,8,60.72753548621,SAT,,6.334,
17,17,1,3.77103829384,0,5.555469368743896,-1,3.77103829384,0.0,1,0.0,8,64.49857378005001,SAT,,6.279,
18,18,1,3.68704271317,0,5.555469368743896,-1,3.68704271317,0.0,1,0.0,9,68.18561649322001,SAT,,6.762,
19,19,1,4.18822789192,0,5.555469368743896,-1,4.18822789192,0.0,1,0.0,9,72.37384438514,SAT,,6.709,
20,20,1,3.53314447403,0,5.555469368743896,-1,3.53314447403,0.0,1,0.0,10,75.90698885917,SAT,,6.579,
21,21,1,3.78792476654,0,5.555469368743896,-1,3.78792476654,0.0,1,0.0,10,79.69491362571,SAT,,6.884,
22,22,1,3.97746920586,0,5.555469368743896,-1,3.97746920586,0.0,1,0.0,11,83.67238283157,SAT,,6.608,
23,23,1,3.56035041809,0,5.555469368743896,-1,3.56035041809,0.0,1,0.0,11,87.23273324966,SAT,,6.604,
24,24,1,3.63826823235,0,5.555469368743896,-1,3.63826823235,0.0,1,0.0,12,90.87100148201,SAT,,6.677,
25,25,1,3.63072228432,0,5.555469368743896,-1,3.63072228432,0.0,1,0.0,12,94.50172376633,SAT,,6.778,
26,26,1,3.70514273643,0,5.555469368743896,-1,3.70514273643,0.0,1,0.0,13,98.20686650276001,SAT,,6.753,
27,27,1,3.83485007286,0,5.555469368743896,-1,3.83485007286,0.0,1,0.0,13,102.04171657562,SAT,,6.904,
28,28,1,3.84855365753,0,5.555469368743896,-1,3.84855365753,0.0,1,0.0,14,105.89027023315,SAT,,6.254,
29,29,1,3.81827235222,0,5.555469368743896,-1,3.81827235222,0.0,1,0.0,14,109.70854258537001,SAT,,6.807,
30,30,1,3.82710909843,0,5.555469368743896,-1,3.82710909843,0.0,1,0.0,15,113.53565168380001,SAT,,6.253,
31,31,1,3.71781826019,0,5.555469368743896,-1,3.71781826019,0.0,1,0.0,15,117.25346994399001,SAT,,6.711,
32,32,1,3.57994556427,0,5.555469368743896,-1,3.57994556427,0.0,1,0.0,16,120.83341550826002,SAT,,6.062,
33,33,1,3.41246461868,0,5.555469368743896,-1,3.41246461868,0.0,1,0.0,16,124.24588012694002,SAT,,6.303,
34,34,1,3.70872020721,0,5.438805149841308,-1,3.70872020721,0.0,1,0.0,17,127.95460033415003,SAT,,6.756,
35,35,1,3.96822237968,0,5.438805149841308,-1,3.96822237968,0.0,1,0.0,17,131.92282271383002,SAT,,6.455,
36,36,1,3.65925002098,0,5.438805149841308,-1,3.65925002098,0.0,1,0.0,18,135.58207273481003,SAT,,6.675,
37,37,1,3.80349826813,0,5.438805149841308,-1,3.80349826813,0.0,1,0.0,18,139.38557100294003,SAT,,6.277,
38,38,1,3.7078139782,0,5.438805149841308,-1,3.7078139782,0.0,1,0.0,19,143.09338498114002,SAT,,6.654,
39,39,1,3.65357851982,0,5.438805149841308,-1,3.65357851982,0.0,1,0.0,19,146.74696350096002,SAT,,6.203,
40,40,1,3.53048944473,0,5.438805149841308,-1,3.53048944473,0.0,1,0.0,20,150.27745294569002,SAT,,6.175,
41,41,1,3.67021584511,0,5.438805149841308,-1,3.67021584511,0.0,1,0.0,20,153.9476687908,SAT,,6.249,
42,42,1,3.63650465012,0,5.438805149841308,-1,3.63650465012,0.0,1,0.0,21,157.58417344092,SAT,,6.175,
43,43,1,3.66545653343,0,5.438805149841308,-1,3.66545653343,0.0,1,0.0,21,161.24962997435,SAT,,6.174,
44,44,1,3.62846946716,0,5.438805149841308,-1,3.62846946716,0.0,1,0.0,22,164.87809944151,SAT,,6.151,
45,45,1,3.47090959549,0,5.438805149841308,-1,3.47090959549,0.0,1,0.0,22,168.349009037,SAT,,6.501,
46,46,1,3.73837137222,0,5.438805149841308,-1,3.73837137222,0.0,1,0.0,23,172.08738040922,SAT,,6.249,
47,47,1,3.52823638916,0,5.438805149841308,-1,3.52823638916,0.0,1,0.0,23,175.61561679838002,SAT,,6.427,
48,48,1,3.45383191109,0,5.438805149841308,-1,3.45383191109,0.0,1,0.0,24,179.06944870947,SAT,,6.576,
49,49,1,3.69771718979,0,5.438805149841308,-1,3.69771718979,0.0,1,0.0,24,182.76716589926002,SAT,,6.273,
50,50,1,3.69418597221,0,5.438805149841308,-1,3.69418597221,0.0,1,0.0,25,186.46135187147001,SAT,,6.122,
