Run Number,Run History Configuration ID,Instance ID,Response Value (y),Censored?,Cutoff Time Used,Seed,Runtime,Run Length,Run Result Code,Run Quality,SMAC Iteration,SMAC Cumulative Runtime,Run Result,Additional Algorithm Run Data,Wall Clock Time,
1,1,1,11.2989301682,0,1.7976931348623157E308,-1,11.2989301682,0.0,1,0.0,0,11.2989301682,SAT,,14.367,
2,2,1,27.6968421936,0,15.691209744262693,-1,27.6968421936,0.0,1,0.0,1,38.9957723618,SAT,,30.731,
3,3,1,27.6748054028,0,15.691209744262693,-1,27.6748054028,0.0,1,0.0,1,66.6705777646,SAT,,30.702,
4,4,1,27.7105779648,0,15.691209744262693,-1,27.7105779648,0.0,1,0.0,2,94.38115572939999,SAT,,30.905,
5,5,1,27.664195776,0,15.691209744262693,-1,27.664195776,0.0,1,0.0,2,122.04535150539999,SAT,,30.008,
6,6,1,27.7073411942,0,15.691209744262693,-1,27.7073411942,0.0,1,0.0,3,149.7526926996,SAT,,30.252,
7,7,1,27.7039523125,0,15.691209744262693,-1,27.7039523125,0.0,1,0.0,3,177.4566450121,SAT,,30.494,
8,8,1,27.701158762,0,15.691209744262693,-1,27.701158762,0.0,1,0.0,4,205.15780377410002,SAT,,30.796,
9,9,1,27.6961700916,0,15.691209744262693,-1,27.6961700916,0.0,1,0.0,4,232.85397386570003,SAT,,30.743,
10,10,1,27.6947920322,0,15.691209744262693,-1,27.6947920322,0.0,1,0.0,5,260.5487658979,SAT,,30.691,
11,11,1,27.7261834145,0,15.691209744262693,-1,27.7261834145,0.0,1,0.0,5,288.2749493124,SAT,,30.613,
12,12,1,22.5470674038,0,15.691209744262693,-1,22.5470674038,0.0,1,0.0,6,310.8220167162,SAT,,25.42,
13,13,1,27.6903758049,0,15.691209744262693,-1,27.6903758049,0.0,1,0.0,6,338.51239252109997,SAT,,30.818,
14,14,1,12.8255255222,0,15.691209744262693,-1,12.8255255222,0.0,1,0.0,7,351.33791804329996,SAT,,15.916,
15,15,1,27.671875,0,15.691209744262693,-1,27.671875,0.0,1,0.0,7,379.00979304329996,SAT,,30.684,
16,16,1,12.7176349163,0,15.691209744262693,-1,12.7176349163,0.0,1,0.0,8,391.72742795959994,SAT,,15.131,
17,17,1,27.719016552,0,15.691209744262693,-1,27.719016552,0.0,1,0.0,8,419.4464445115999,SAT,,30.61,
18,18,1,19.8342151642,0,15.691209744262693,-1,19.8342151642,0.0,1,0.0,9,439.2806596757999,SAT,,22.718,
19,19,1,27.7243778706,0,15.691209744262693,-1,27.7243778706,0.0,1,0.0,9,467.0050375463999,SAT,,30.713,
20,20,1,27.6700224876,0,15.691209744262693,-1,27.6700224876,0.0,1,0.0,10,494.6750600339999,SAT,,30.031,
21,21,1,19.4148483276,0,15.691209744262693,-1,19.4148483276,0.0,1,0.0,11,514.0899083615999,SAT,,22.382,
22,22,1,27.721622467,0,15.691209744262693,-1,27.721622467,0.0,1,0.0,11,541.8115308285999,SAT,,30.634,
23,23,1,13.9009416103,0,15.691209744262693,-1,13.9009416103,0.0,1,0.0,12,555.7124724388999,SAT,,16.863,
24,24,1,27.7007410526,0,15.691209744262693,-1,27.7007410526,0.0,1,0.0,12,583.4132134915,SAT,,30.615,
25,25,1,17.5712656975,0,15.691209744262693,-1,17.5712656975,0.0,1,0.0,13,600.984479189,SAT,,20.45,
26,26,1,27.7178504467,0,15.691209744262693,-1,27.7178504467,0.0,1,0.0,13,628.7023296357,SAT,,30.204,
27,27,1,12.8928306103,0,15.691209744262693,-1,12.8928306103,0.0,1,0.0,14,641.5951602460001,SAT,,15.431,
28,28,1,27.6942839622,0,15.691209744262693,-1,27.6942839622,0.0,1,0.0,14,669.2894442082,SAT,,30.587,
29,29,1,12.9532506466,0,15.691209744262693,-1,12.9532506466,0.0,1,0.0,15,682.2426948548001,SAT,,15.985,
30,30,1,27.7311351299,0,15.691209744262693,-1,27.7311351299,0.0,1,0.0,15,709.9738299847002,SAT,,30.112,
31,31,1,13.9208152294,0,15.691209744262693,-1,13.9208152294,0.0,1,0.0,16,723.8946452141001,SAT,,17.064,
32,32,1,27.7659487724,0,15.691209744262693,-1,27.7659487724,0.0,1,0.0,16,751.6605939865001,SAT,,30.748,
33,33,1,17.7733030319,0,15.691209744262693,-1,17.7733030319,0.0,1,0.0,17,769.4338970184001,SAT,,20.759,
34,34,1,27.7328808308,0,15.691209744262693,-1,27.7328808308,0.0,1,0.0,17,797.1667778492001,SAT,,30.664,
35,35,1,13.610657692,0,15.691209744262693,-1,13.610657692,0.0,1,0.0,18,810.7774355412001,SAT,,16.654,
36,36,1,27.7373919487,0,15.691209744262693,-1,27.7373919487,0.0,1,0.0,18,838.5148274899001,SAT,,30.267,
37,37,1,17.8855202198,0,15.691209744262693,-1,17.8855202198,0.0,1,0.0,19,856.4003477097001,SAT,,20.951,
38,38,1,27.7239193916,0,15.691209744262693,-1,27.7239193916,0.0,1,0.0,19,884.1242671013001,SAT,,30.614,
39,39,1,12.617483139,0,15.691209744262693,-1,12.617483139,0.0,1,0.0,20,896.7417502403001,SAT,,15.814,
40,40,1,27.7319276333,0,15.691209744262693,-1,27.7319276333,0.0,1,0.0,20,924.4736778736001,SAT,,30.719,
41,41,1,13.2398512363,0,15.691209744262693,-1,13.2398512363,0.0,1,0.0,21,937.7135291099,SAT,,15.534,
42,42,1,27.700763464,0,15.691209744262693,-1,27.700763464,0.0,1,0.0,21,965.4142925739001,SAT,,30.911,
43,43,1,12.7257459164,0,15.691209744262693,-1,12.7257459164,0.0,1,0.0,22,978.1400384903001,SAT,,15.607,
44,44,1,27.704123497,0,15.691209744262693,-1,27.704123497,0.0,1,0.0,22,1005.8441619873,SAT,,30.635,
45,45,1,13.8930912018,0,15.691209744262693,-1,13.8930912018,0.0,1,0.0,23,1019.7372531891,SAT,,17.043,
46,46,1,27.7095201015,0,15.691209744262693,-1,27.7095201015,0.0,1,0.0,23,1047.4467732906,SAT,,30.636,
47,47,1,13.2865684032,0,15.691209744262693,-1,13.2865684032,0.0,1,0.0,24,1060.7333416938,SAT,,15.632,
48,48,1,27.7069964409,0,15.691209744262693,-1,27.7069964409,0.0,1,0.0,24,1088.4403381347,SAT,,30.72,
49,49,1,27.7235708237,0,15.691209744262693,-1,27.7235708237,0.0,1,0.0,25,1116.1639089583998,SAT,,30.551,
50,50,1,27.7939484119,0,15.691209744262693,-1,27.7939484119,0.0,1,0.0,25,1143.9578573702997,SAT,,30.85,
51,51,1,18.8043339252,0,15.691209744262693,-1,18.8043339252,0.0,1,0.0,26,1162.7621912954996,SAT,,21.665,
52,52,1,27.7363209724,0,15.691209744262693,-1,27.7363209724,0.0,1,0.0,26,1190.4985122678997,SAT,,30.726,
53,53,1,27.6939356327,0,15.691209744262693,-1,27.6939356327,0.0,1,0.0,27,1218.1924479005997,SAT,,30.743,
54,54,1,10.3478388786,0,15.691209744262693,-1,10.3478388786,0.0,1,0.0,28,1228.5402867791997,SAT,,13.354,
55,55,1,27.6980099678,0,14.454791687774655,-1,27.6980099678,0.0,1,0.0,28,1256.2382967469998,SAT,,30.507,
56,56,1,12.3773701191,0,14.454791687774655,-1,12.3773701191,0.0,1,0.0,29,1268.6156668661,SAT,,15.337,
57,57,1,27.6922316551,0,14.454791687774655,-1,27.6922316551,0.0,1,0.0,29,1296.3078985211998,SAT,,30.712,
58,58,1,12.9896638393,0,14.454791687774655,-1,12.9896638393,0.0,1,0.0,30,1309.2975623604998,SAT,,15.511,
59,59,1,27.718776226,0,14.454791687774655,-1,27.718776226,0.0,1,0.0,30,1337.0163385864998,SAT,,30.641,
60,60,1,15.0862338543,0,14.454791687774655,-1,15.0862338543,0.0,1,0.0,31,1352.1025724407998,SAT,,18.151,
61,61,1,27.7244224548,0,14.454791687774655,-1,27.7244224548,0.0,1,0.0,31,1379.8269948956,SAT,,30.8,
62,62,1,13.5697374344,0,14.454791687774655,-1,13.5697374344,0.0,1,0.0,32,1393.3967323299998,SAT,,16.564,
63,63,1,27.6717367172,0,14.454791687774655,-1,27.6717367172,0.0,1,0.0,32,1421.0684690471999,SAT,,30.104,
64,64,1,11.2908861637,0,14.454791687774655,-1,11.2908861637,0.0,1,0.0,33,1432.3593552108998,SAT,,14.252,
65,65,1,27.6978087425,0,14.454791687774655,-1,27.6978087425,0.0,1,0.0,33,1460.0571639533998,SAT,,30.079,
66,66,1,27.6752662659,0,14.454791687774655,-1,27.6752662659,0.0,1,0.0,34,1487.7324302192999,SAT,,30.705,
67,67,1,27.6934401989,0,14.454791687774655,-1,27.6934401989,0.0,1,0.0,34,1515.4258704181998,SAT,,30.181,
68,68,1,12.5535407066,0,14.454791687774655,-1,12.5535407066,0.0,1,0.0,35,1527.9794111247998,SAT,,15.054,
69,69,1,27.7031610012,0,14.454791687774655,-1,27.7031610012,0.0,1,0.0,35,1555.6825721259997,SAT,,30.736,
70,70,1,27.6973199844,0,14.454791687774655,-1,27.6973199844,0.0,1,0.0,36,1583.3798921103999,SAT,,30.68,
71,71,1,27.6672618389,0,14.454791687774655,-1,27.6672618389,0.0,1,0.0,37,1611.0471539492999,SAT,,30.659,
72,72,1,19.4119508266,0,14.454791687774655,-1,19.4119508266,0.0,1,0.0,38,1630.4591047759,SAT,,21.828,
73,73,1,27.7048196793,0,14.454791687774655,-1,27.7048196793,0.0,1,0.0,38,1658.1639244552,SAT,,30.757,
74,74,1,27.7254619598,0,14.454791687774655,-1,27.7254619598,0.0,1,0.0,39,1685.889386415,SAT,,30.635,
75,75,1,13.3043084145,0,14.454791687774655,-1,13.3043084145,0.0,1,0.0,40,1699.1936948295,SAT,,16.158,
76,76,1,27.7003347874,0,14.454791687774655,-1,27.7003347874,0.0,1,0.0,40,1726.8940296168998,SAT,,30.733,
77,77,1,16.8897469044,0,14.454791687774655,-1,16.8897469044,0.0,1,0.0,41,1743.7837765212998,SAT,,19.947,
78,78,1,27.7121446133,0,14.454791687774655,-1,27.7121446133,0.0,1,0.0,41,1771.4959211346,SAT,,29.991,
79,79,1,12.887835741,0,14.454791687774655,-1,12.887835741,0.0,1,0.0,42,1784.3837568755998,SAT,,15.986,
80,80,1,27.6940710545,0,14.454791687774655,-1,27.6940710545,0.0,1,0.0,42,1812.0778279300998,SAT,,30.795,
81,81,1,13.5569913387,0,14.454791687774655,-1,13.5569913387,0.0,1,0.0,43,1825.6348192688,SAT,,16.586,
82,82,1,27.7093143463,0,14.454791687774655,-1,27.7093143463,0.0,1,0.0,43,1853.3441336151,SAT,,30.788,
83,83,1,15.1438205242,0,14.454791687774655,-1,15.1438205242,0.0,1,0.0,44,1868.4879541393,SAT,,18.168,
84,84,1,27.6973690987,0,14.454791687774655,-1,27.6973690987,0.0,1,0.0,44,1896.185323238,SAT,,30.61,
85,85,1,16.6378006935,0,14.454791687774655,-1,16.6378006935,0.0,1,0.0,45,1912.8231239314998,SAT,,19.646,
86,86,1,27.6988565922,0,14.454791687774655,-1,27.6988565922,0.0,1,0.0,45,1940.5219805236998,SAT,,30.707,
87,87,1,27.6980814934,0,14.454791687774655,-1,27.6980814934,0.0,1,0.0,46,1968.2200620170997,SAT,,30.656,
88,88,1,26.5670456886,0,14.454791687774655,-1,26.5670456886,0.0,1,0.0,47,1994.7871077056998,SAT,,29.605,
89,89,1,27.7547500134,0,14.454791687774655,-1,27.7547500134,0.0,1,0.0,47,2022.5418577190999,SAT,,30.783,
90,90,1,11.8806602955,0,14.454791687774655,-1,11.8806602955,0.0,1,0.0,48,2034.4225180146,SAT,,14.958,
91,91,1,27.6989459991,0,14.454791687774655,-1,27.6989459991,0.0,1,0.0,48,2062.1214640137,SAT,,30.539,
92,92,1,22.85770154,0,14.454791687774655,-1,22.85770154,0.0,1,0.0,49,2084.9791655537,SAT,,25.867,
93,93,1,27.6950960159,0,14.454791687774655,-1,27.6950960159,0.0,1,0.0,49,2112.6742615696003,SAT,,30.607,
94,94,1,15.0983848572,0,14.454791687774655,-1,15.0983848572,0.0,1,0.0,50,2127.7726464268003,SAT,,18.044,
95,95,1,27.6705441475,0,14.454791687774655,-1,27.6705441475,0.0,1,0.0,50,2155.4431905743004,SAT,,30.689,
96,96,1,11.6790704727,0,14.454791687774655,-1,11.6790704727,0.0,1,0.0,51,2167.1222610470004,SAT,,14.757,
97,97,1,27.6849234104,0,14.454791687774655,-1,27.6849234104,0.0,1,0.0,51,2194.8071844574006,SAT,,30.74,
98,98,1,11.7356548309,0,14.454791687774655,-1,11.7356548309,0.0,1,0.0,52,2206.5428392883005,SAT,,14.655,
99,99,1,27.6719093323,0,14.454791687774655,-1,27.6719093323,0.0,1,0.0,52,2234.2147486206004,SAT,,30.713,
100,100,1,14.3622810841,0,14.454791687774655,-1,14.3622810841,0.0,1,0.0,53,2248.5770297047,SAT,,17.238,
